# t	 x	 v	 s (state)
0.000000	0.000000	0.000000	1
0.001000	0.000000	-0.008078	1
5.000000	1.620909	-0.741565	1
10.001000	2.193439	0.355122	1
15.001000	1.469624	1.048420	1
20.000000	1.601385	0.212373	1
25.000000	0.969018	-1.535138	2
30.000000	0.524607	-0.057136	2
35.000000	0.344048	-0.836549	2
40.001000	1.992484	0.318337	2
45.001000	0.976730	0.745226	2
50.001000	0.394715	-0.859088	2
55.001000	0.521287	0.581040	2
60.001000	1.146701	1.486839	2
65.001000	2.990250	1.155275	2
70.001000	1.595915	0.825025	2
75.001000	1.359324	0.662067	2
80.000000	3.623533	0.875903	2
85.000000	3.757625	-0.089861	2
90.000000	1.764738	-1.340772	2
95.000000	4.430608	1.575543	2
100.000000	6.339340	0.104836	2
105.000000	2.297202	1.208354	2
110.000000	-1.278440	-0.390377	2
115.000000	-1.675865	1.106504	2
120.000000	-3.382264	-0.691818	2
125.000000	-8.579060	0.301775	2
130.000000	-9.611232	-1.320330	2
135.000000	-10.114039	-0.290249	2
140.000000	-4.532873	-0.255054	2
145.000000	-4.770715	-1.683843	2
150.000000	-9.852642	-0.343144	2
155.000000	-8.208995	-1.906744	2
160.000000	-10.351524	-0.529034	2
165.000000	-8.142385	0.173290	2
170.000000	-3.905880	1.392137	2
175.000000	-4.525431	-1.083229	2
180.000000	-7.526408	1.215720	2
185.000000	-9.133464	0.867459	2
190.000000	-9.297259	0.758626	2
195.000000	-7.270590	1.143729	2
200.000000	-8.424571	-1.174304	2
205.000000	-13.981463	-0.652307	2
210.000000	-16.917629	-0.146313	2
215.000000	-17.943503	-0.302071	2
220.000000	-16.354011	-1.088043	2
225.000000	-18.681382	-0.319387	2
230.000000	-17.478174	0.070718	2
235.000000	-16.063326	-0.019238	2
240.000000	-18.466007	-0.180737	2
245.000000	-19.817419	0.736976	2
250.000000	-15.310308	0.912162	2
255.000000	-16.009761	-1.960684	2
260.000000	-20.478958	-0.520712	2
265.000000	-20.782024	-0.978590	2
270.000000	-19.292038	-1.433642	2
275.000000	-23.694726	-1.668279	2
280.000000	-26.559316	-0.376992	2
285.000000	-27.747472	-0.152487	2
290.000000	-27.668684	1.396123	2
295.001000	-29.108171	0.230474	2
300.001000	-29.039694	0.479797	2
305.001000	-25.989942	0.211565	2
310.001000	-28.601040	-1.467352	2
315.001000	-27.044006	0.147308	2
320.001000	-23.899523	0.664161	2
325.001000	-25.438510	-0.066734	2
330.001000	-26.842286	1.256762	2
335.001000	-29.997769	0.307124	2
340.001000	-27.336131	0.581393	2
345.001000	-29.452936	1.748351	2
350.001000	-28.123526	-1.164548	2
355.001000	-28.321492	0.419388	2
360.001000	-28.889978	2.086565	2
365.001000	-28.056692	0.379405	2
370.001000	-28.392526	-0.249606	2
375.001000	-27.846606	-2.000853	2
380.001000	-27.557937	1.344934	2
385.001000	-30.052756	-0.909780	2
390.001000	-28.943086	-0.972787	2
395.001000	-27.953388	-1.395416	2
400.001000	-27.071258	0.136236	2
405.001000	-27.631933	0.233230	2
410.001000	-26.635871	0.844887	2
415.001000	-30.213352	-0.383550	2
420.001000	-28.603236	-0.009060	2
425.001000	-27.923438	-0.356832	2
430.001000	-24.973748	0.557711	2
435.001000	-27.573637	-1.039623	2
440.001000	-28.347650	-0.273382	1
445.001000	-28.701544	-0.422412	1
450.001000	-28.745065	-1.274265	1
455.001000	-28.605780	1.283218	1
460.001000	-28.234922	-1.096889	1
465.001000	-28.924782	0.940410	1
470.001000	-28.455507	0.922721	1
475.001000	-28.178737	1.974019	1
480.001000	-28.000558	-2.323510	1
485.001000	-28.122609	-0.123524	1
490.001000	-28.472988	-0.884179	1
495.001000	-27.386355	0.561139	1
500.001000	-28.071129	-0.002464	1
505.001000	-28.274359	0.110360	1
510.001000	-28.466507	-0.289638	1
515.001000	-28.305078	1.841581	1
520.001000	-28.531144	0.799744	1
525.001000	-27.994687	1.397468	1
530.001000	-28.589273	0.518983	1
535.001000	-28.094074	-0.693946	1
540.001000	-28.737488	-0.959785	1
545.001000	-28.345999	0.549835	1
550.001000	-28.243045	0.182473	1
555.001000	-27.939176	1.224394	1
560.001000	-28.026431	-0.122226	1
565.001000	-28.333366	-1.070666	1
570.001000	-28.722924	-1.149495	1
575.001000	-28.197152	2.779249	1
580.001000	-28.270918	-1.620190	1
585.001000	-28.349466	1.655240	1
590.001000	-28.641898	1.065459	1
595.001000	-28.583451	-1.250537	1
600.001000	-28.448947	-0.511764	1
605.001000	-28.416379	0.881002	1
610.001000	-27.938620	-0.068352	1
615.001000	-28.184575	0.752486	1
620.001000	-27.920541	-1.378274	1
625.001000	-28.360390	-0.914290	1
630.001000	-28.242024	2.976926	1
635.001000	-28.032333	-0.297002	1
640.001000	-28.549506	-0.852015	1
645.001000	-28.249924	-1.458330	1
650.001000	-28.327003	-0.901328	1
655.001000	-28.415616	1.228140	1
660.001000	-28.427397	0.358358	1
665.001000	-28.138889	1.099087	1
670.001000	-28.246909	0.998414	1
675.001000	-28.059680	0.534681	1
680.001000	-28.653670	0.617873	1
685.001000	-28.355598	0.026713	1
690.001000	-28.207536	-1.286350	1
695.001000	-28.480257	1.318458	1
700.001000	-28.186479	1.348214	1
705.001000	-28.479215	0.051259	1
710.001000	-28.481290	0.816208	1
715.001000	-27.172847	0.108415	2
720.001000	-28.878093	-0.102274	2
725.001000	-27.793675	-0.082872	2
730.001000	-28.527294	-0.842209	2
735.001000	-27.312679	1.224086	2
740.001000	-27.943520	-0.486715	2
745.001000	-28.366366	-0.937557	2
750.001000	-28.164731	-0.967322	2
755.001000	-28.107673	-0.914840	2
760.001000	-28.762046	1.090897	2
765.001000	-27.105183	0.148345	2
770.001000	-28.122400	0.049579	2
775.001000	-25.663006	0.162975	2
780.001000	-26.806102	0.580038	2
785.001000	-29.375690	-0.289327	2
790.001000	-28.621197	1.396290	2
795.001000	-29.060841	-0.846407	2
800.001000	-29.065234	-0.801121	2
805.001000	-28.938165	-0.332801	2
810.001000	-28.431255	0.358430	2
815.001000	-28.384254	-0.196276	2
820.001000	-29.890549	-0.510364	2
825.001000	-30.504028	-0.530470	2
830.001000	-31.196156	0.615023	2
835.001000	-32.661481	-0.846855	2
840.001000	-34.133357	-0.416364	2
845.001000	-38.283145	-2.012519	2
850.001000	-37.270520	-0.080001	2
855.001000	-39.199728	0.350729	2
860.001000	-35.644358	-1.363056	2
865.001000	-36.901970	-1.848958	2
870.001000	-40.823850	-0.437101	2
875.001000	-42.927747	0.243657	2
880.001000	-48.255872	0.475160	2
885.001000	-47.903974	-0.785047	2
890.001000	-47.533381	0.822219	2
895.001000	-52.691909	-1.928408	2
900.001000	-59.945521	-0.369936	2
905.001000	-56.106344	-1.886590	2
910.001000	-58.510269	-1.211056	2
915.001000	-57.663463	-0.927653	2
920.001000	-58.789647	0.590375	2
925.001000	-59.952156	-0.399906	2
930.001000	-56.575012	-0.070400	2
935.001000	-57.203106	1.836177	2
940.001000	-53.060051	2.340596	2
945.001000	-47.946117	0.150879	2
950.001000	-48.223342	-1.202288	2
955.001000	-48.311315	1.137031	2
960.001000	-48.163506	-0.648195	2
965.001000	-48.511622	0.390605	2
970.001000	-47.513654	-0.419003	2
975.001000	-48.289820	0.345877	2
980.001000	-47.517282	0.246760	2
985.001000	-48.258282	1.487717	2
990.001000	-48.344889	-1.041824	1
995.001000	-48.460405	-1.908243	1
1000.001000	-47.840986	1.764705	1
1005.001000	-48.313422	-0.638867	1
1010.001000	-48.612432	-0.290758	1
1015.001000	-48.496997	0.035656	1
1020.001000	-48.719493	1.352097	1
1025.001000	-48.627004	-0.352693	1
1030.001000	-48.204236	-0.346116	1
1035.001000	-48.355369	0.696916	1
1040.001000	-47.684532	1.838025	1
1045.001000	-48.594003	-1.089762	1
1050.001000	-48.224479	-0.416527	1
1055.001000	-48.255821	-1.077281	1
1060.001000	-48.359491	0.606075	1
1065.001000	-48.270338	0.105418	1
1070.001000	-49.037186	-0.715906	1
1075.001000	-48.121920	-0.984281	1
1080.001000	-47.912011	-0.047508	1
1085.001000	-48.670728	-0.414628	1
1090.001000	-48.507963	0.305354	1
1095.001000	-48.605919	2.269866	1
1100.001000	-48.554144	-0.500503	1
1105.001000	-47.819820	0.410162	1
1110.001000	-48.240225	1.299004	1
1115.001000	-47.651197	-0.697348	1
1120.001000	-48.388585	-0.522937	1
1125.001000	-48.149365	-1.049153	1
1130.001000	-48.630207	-0.814687	1
1135.001000	-47.360100	0.884497	1
1140.001000	-48.007080	-0.323492	1
1145.001000	-48.600171	0.385229	1
1150.001000	-48.464321	-0.255483	1
1155.001000	-48.149290	-0.744385	1
1160.001000	-48.537637	-0.607463	1
1165.001000	-48.229744	1.805577	1
1170.001000	-47.940152	-0.383852	1
1175.001000	-48.934833	0.309316	1
1180.001000	-48.882035	-1.577434	1
1185.001000	-48.239658	0.714271	1
1190.001000	-48.469438	1.961336	1
1195.001000	-48.502919	-0.272857	1
1200.001000	-48.905946	0.297822	2
1205.001000	-48.465163	0.020048	2
1210.001000	-48.942477	-0.659704	2
1215.001000	-48.967220	-1.545031	1
1220.001000	-47.820012	0.727784	1
1225.001000	-47.360874	1.448058	2
1230.001000	-47.627858	0.679388	2
1235.001000	-49.058174	-1.566568	2
1240.001000	-52.138035	-0.930229	2
1245.001000	-55.627094	-0.723227	2
1250.001000	-59.741043	0.539610	2
1255.001000	-59.278124	1.239045	1
1260.001000	-58.267505	-0.013272	1
1265.001000	-58.850835	-0.078658	1
1270.001000	-58.306626	-0.802896	1
1275.001000	-58.515656	0.391317	1
1280.001000	-58.156527	1.619219	2
1285.001000	-55.650193	-0.877583	2
1290.001000	-59.236776	-0.335048	2
1295.001000	-57.317181	1.464450	2
1300.001000	-55.892209	-1.997597	2
1305.001000	-58.115541	-0.388472	2
1310.001000	-61.667712	-0.259027	2
1315.001000	-64.114291	-0.895843	2
1320.001000	-63.170115	-0.599106	2
1325.001000	-59.508472	0.790589	2
1330.001000	-59.665883	-0.925495	2
1335.001000	-56.490934	-0.522949	2
1340.001000	-59.060275	1.103869	2
1345.001000	-58.576364	0.420047	2
1350.001000	-60.067326	-0.456644	2
1355.001000	-57.873975	0.080153	2
1360.001000	-58.795112	-2.500138	1
1365.001000	-58.521572	1.165261	1
1370.001000	-58.002363	1.023264	1
1375.001000	-57.919420	-1.256816	1
1380.001000	-58.076729	0.254250	1
1385.001000	-58.194536	-0.514982	1
1390.001000	-58.168095	0.899146	1
1395.001000	-58.443541	0.651569	1
1400.001000	-57.925189	-0.825044	1
1405.001000	-58.510340	-0.109637	1
1410.001000	-58.742780	-0.148221	1
1415.001000	-57.949236	-0.396643	1
1420.001000	-58.507677	-0.466021	1
1425.001000	-58.349168	-1.053671	1
1430.001000	-58.241705	1.769487	1
1435.001000	-57.565182	-0.836106	1
1440.001000	-57.757630	-1.292375	1
1445.001000	-57.852207	1.102207	1
1450.001000	-58.118175	0.815259	1
1455.001000	-57.152483	-1.607298	2
1460.001000	-56.719853	0.938698	2
1465.001000	-53.324548	-0.622228	2
1470.001000	-56.225828	-0.492036	2
1475.001000	-57.306859	0.601403	2
1480.001000	-53.663716	0.902533	2
1485.001000	-52.682861	-1.055862	2
1490.001000	-54.989424	-0.618055	2
1495.001000	-59.585245	0.831156	1
1500.001000	-58.425728	-0.808284	1
1505.001000	-58.880154	1.656394	1
1510.001000	-58.301472	1.163443	1
1515.001000	-58.275946	0.581483	1
1520.001000	-58.341231	-1.230517	1
1525.001000	-58.194702	1.009908	1
1530.001000	-58.891941	0.370315	1
1535.001000	-57.922970	0.082347	1
1540.001000	-58.511601	0.655512	1
1545.001000	-58.401816	0.134573	1
1550.001000	-58.356958	-0.715818	1
1555.001000	-58.614843	1.014645	1
1560.001000	-59.058542	0.372952	1
1565.001000	-58.279368	-0.457267	1
1570.001000	-57.857274	1.065191	1
1575.001000	-58.338701	0.066204	1
1580.001000	-58.419561	1.227790	1
1585.001000	-58.295300	-0.226738	1
1590.001000	-58.683017	0.846445	1
1595.001000	-58.250658	1.180005	1
1600.001000	-58.192858	-0.379928	1
1605.001000	-57.982776	0.991391	1
1610.001000	-58.262042	2.062786	1
1615.001000	-57.897650	-1.082286	1
1620.001000	-58.275970	0.520057	1
1625.001000	-58.075742	-0.111476	1
1630.001000	-58.932249	-0.182302	1
1635.001000	-58.654334	-0.885421	1
1640.001000	-58.265063	-0.022425	1
1645.001000	-58.244516	0.470038	1
1650.001000	-58.540041	0.290036	2
1655.001000	-59.112481	1.576312	2
1660.001000	-55.871919	0.521994	2
1665.001000	-55.930217	0.553649	2
1670.001000	-56.838377	0.653345	2
1675.001000	-58.279788	-1.679999	2
1680.001000	-58.428056	0.907436	2
1685.001000	-56.126912	-0.615500	2
1690.001000	-59.449182	0.914516	2
1695.001000	-59.681618	-1.111893	2
1700.001000	-56.553925	0.175835	2
1705.001000	-57.629383	0.438936	2
1710.001000	-58.688067	0.513542	2
1715.001000	-56.579900	-1.152737	2
1720.001000	-58.680931	-1.887670	1
1725.001000	-58.197501	1.914014	1
1730.001000	-58.433344	0.093170	1
1735.001000	-58.789885	1.128587	1
1740.001000	-58.742266	-0.303686	1
1745.001000	-57.470242	-0.515388	1
1750.001000	-58.815502	-1.082961	1
1755.001000	-58.221741	-1.061355	1
1760.001000	-58.200634	0.604754	1
1765.001000	-58.300681	-0.187754	1
1770.001000	-58.274336	-0.930557	1
1775.001000	-58.216850	-0.016608	1
1780.001000	-58.358964	0.715133	1
1785.001000	-58.380995	-1.470644	1
1790.001000	-58.155311	-0.859796	1
1795.001000	-58.112647	0.707282	1
1800.001000	-58.240918	-1.696833	1
1805.001000	-57.894717	-0.447069	1
1810.001000	-58.194650	-0.320585	1
1815.001000	-57.998500	0.360820	1
1820.001000	-58.238123	0.125488	1
1825.001000	-58.033536	-0.406185	1
1830.001000	-58.722585	-0.438106	1
1835.001000	-58.279797	0.157983	1
1840.001000	-58.966350	0.658211	1
1845.001000	-58.025839	-0.654824	1
1850.001000	-58.301163	0.763504	1
1855.001000	-58.655923	-0.336029	1
1860.001000	-58.861109	-0.991051	1
1865.001000	-58.474715	-0.363632	1
1870.001000	-58.692024	-0.647071	1
1875.001000	-58.284485	-0.513336	1
1880.001000	-58.538019	-0.413223	1
1885.001000	-58.304577	-1.264209	1
1890.001000	-57.453329	-0.351812	1
1895.001000	-58.693533	-0.568163	1
1900.001000	-57.953142	1.819696	1
1905.001000	-58.545070	1.008234	1
1910.001000	-58.579754	-0.379569	1
1915.001000	-59.120320	-0.439502	1
1920.001000	-57.777161	-0.273110	1
1925.001000	-57.833934	-0.110133	1
1930.001000	-58.225419	0.765274	1
1935.001000	-57.805272	-0.191443	1
1940.001000	-58.051364	-0.276481	1
1945.001000	-58.697910	-0.004660	1
1950.001000	-58.493510	0.084409	1
1955.001000	-58.114851	0.302990	1
1960.001000	-58.164995	1.717135	1
1965.001000	-58.088786	-0.204273	1
1970.001000	-58.333642	0.103942	1
1975.001000	-58.517297	-0.554397	1
1980.001000	-58.002963	2.033365	1
1985.001000	-58.314128	0.398839	1
1990.001000	-58.342081	-1.150927	1
1995.001000	-58.082657	3.015192	2
2000.001000	-56.629862	1.217865	2
2005.001000	-56.837482	1.720337	2
2010.001000	-56.358657	-0.550799	2
2015.001000	-62.800622	-1.607208	2
2020.001000	-68.526235	0.447983	2
2025.001000	-66.300036	1.406134	2
2030.001000	-63.817267	-0.144034	2
2035.001000	-64.417621	0.685357	2
2040.001000	-66.000899	-0.350523	2
2045.001000	-67.500746	-1.632121	2
2050.001000	-70.442165	1.130114	2
2055.001000	-66.739783	-0.436853	2
2060.001000	-68.133492	0.320936	2
2065.001000	-73.248978	-1.731823	2
2070.001000	-78.241876	-0.309837	2
2075.001000	-77.714817	1.056127	2
2080.001000	-77.442187	1.367198	2
2085.001000	-73.782520	1.508496	2
2090.001000	-74.654180	-0.883675	2
2095.001000	-78.717151	-0.482180	2
2100.001000	-77.946838	-0.209032	2
2105.001000	-80.368186	1.154306	2
2110.001000	-77.904986	-0.719948	2
2115.001000	-75.385957	0.792679	2
2120.001000	-73.128436	-1.252386	2
2125.001000	-74.381525	-0.175007	2
2130.001000	-74.151580	-0.026574	2
2135.001000	-74.692197	1.583042	2
2140.001000	-78.450495	1.086994	1
2145.001000	-78.492485	0.285880	1
2150.001000	-78.453487	-0.672042	1
2155.001000	-77.840732	-0.483545	1
2160.001000	-78.481935	-1.781641	1
2165.001000	-78.458716	-0.174665	1
2170.001000	-78.409517	0.674002	1
2175.001000	-78.014198	-1.563693	1
2180.001000	-78.241417	-0.364740	2
2185.001000	-76.675060	0.886977	2
2190.001000	-77.338812	-1.830427	2
2195.001000	-77.208636	1.209563	2
2200.001000	-78.473455	0.631046	2
2205.001000	-76.593083	-0.133307	2
2210.001000	-76.793020	0.631291	2
2215.001000	-72.028494	0.178850	2
2220.001000	-71.302840	0.112757	2
2225.001000	-76.205605	-0.285489	2
2230.001000	-72.841731	-0.102353	2
2235.001000	-77.133598	-0.720808	2
2240.001000	-78.689778	-0.371253	2
2245.001000	-77.802957	0.156840	2
2250.001000	-81.207257	0.002442	2
2255.000000	-80.320890	-0.504079	2
2260.000000	-75.200591	0.560208	2
2265.000000	-73.579439	0.892938	2
2270.000000	-72.806419	-1.471195	2
2275.000000	-75.042583	-0.769949	2
2280.000000	-79.980241	-1.195482	2
2285.000000	-75.765253	-0.053288	2
2290.000000	-74.318363	0.447091	2
2295.000000	-75.269389	0.503217	2
2300.000000	-69.963407	0.526873	2
2305.000000	-68.233992	0.069226	2
2310.000000	-69.581131	-1.218640	2
2315.000000	-66.264848	0.028635	2
2320.000000	-68.007735	-1.371162	2
2325.000000	-69.181302	-0.276943	2
2330.000000	-66.296645	-0.287923	2
2335.000000	-70.019202	0.142202	2
2340.000000	-67.960221	0.990223	2
2345.000000	-67.535031	-0.048518	2
2350.000000	-64.328691	0.726006	2
2355.000000	-66.657545	-2.532402	1
2360.000000	-68.071196	0.370255	1
2365.000000	-68.576001	-1.081846	1
2370.000000	-67.844887	-0.515913	1
2375.000000	-68.189388	0.558741	1
2380.000000	-68.119600	0.380210	1
2385.000000	-67.628110	-2.061604	1
2390.000000	-67.758725	1.448176	1
2395.000000	-67.948848	-0.611912	1
2400.000000	-68.145817	1.256993	1
2405.000000	-68.257509	1.092182	1
2410.000000	-67.762276	-0.458820	1
2415.000000	-68.638608	-1.463746	1
2420.000000	-68.708830	-1.542567	1
2425.000000	-68.053175	-1.070071	1
2430.000000	-67.745428	-0.356800	1
2435.000000	-67.893277	1.353258	1
2440.000000	-68.654804	-0.300525	1
2445.000000	-68.439115	-1.139041	1
2450.000000	-68.905267	0.425250	1
2455.000000	-68.392376	1.330711	1
2460.000000	-68.320606	-0.858753	1
2465.000000	-68.077001	0.715658	1
2470.000000	-68.190171	0.703097	1
2475.000000	-68.228882	1.896916	1
2480.000000	-67.844241	-1.064332	1
2485.000000	-68.887953	0.436655	1
2490.000000	-68.314030	1.822716	1
2495.000000	-68.336221	0.036819	1
2500.000000	-67.953771	0.451949	1
2505.000000	-68.441730	0.891964	1
2510.000000	-69.211293	-0.455456	2
2515.000000	-67.929541	1.406032	2
2520.000000	-60.621142	1.197114	2
2525.000000	-59.121977	-0.675408	2
2530.000000	-59.002670	1.037698	2
2535.000000	-57.020209	-1.002266	2
2540.000000	-59.103471	-0.631546	2
2545.000000	-57.793843	-0.270978	2
2550.000000	-58.014883	0.059952	2
2555.000000	-58.370990	-0.558383	2
2560.000000	-59.933163	0.131199	2
2565.000000	-58.070916	-0.257597	2
2570.000000	-59.931325	-1.214859	2
2575.000000	-61.231536	0.091226	2
2580.000000	-58.683568	0.458122	2
2585.000000	-57.861355	-0.231207	2
2590.000000	-58.734714	-1.080331	2
2595.000000	-60.002606	-0.491678	2
2600.000000	-64.243733	-0.642889	2
2605.000000	-66.642144	-1.710554	2
2610.000000	-69.228037	-0.598725	2
2615.000000	-68.207776	-0.724923	2
2620.000000	-68.811759	1.017298	2
2625.000000	-66.939184	0.505747	2
2630.000000	-67.635252	0.528662	2
2635.000000	-68.996967	0.848309	2
2640.000000	-66.550166	0.528464	2
2645.000000	-64.043258	2.262804	2
2650.000000	-63.023363	1.721626	2
2655.000000	-62.665912	-0.923478	2
2660.000000	-62.936090	-0.948213	2
2665.000000	-66.897026	-2.140207	2
2670.000000	-68.816366	2.014293	2
2675.000000	-68.015545	-1.151760	1
2680.000000	-67.975975	1.393295	1
2685.000000	-68.088088	1.775759	1
2690.000000	-69.493099	-0.404282	2
2695.000000	-68.581259	0.271950	2
2700.000000	-69.628165	-0.561353	2
2705.000000	-69.182577	0.422101	2
2710.000000	-68.313399	-0.662233	2
2715.000000	-69.239343	0.424250	2
2720.000000	-67.210899	0.535474	2
2725.000000	-67.864993	-0.589427	2
2730.000000	-70.370485	-1.807160	2
2735.000000	-75.847722	-0.302594	2
2740.000000	-83.600210	0.886168	2
2745.000000	-84.683459	-0.827269	2
2750.000000	-88.996861	1.328578	2
2755.000000	-88.713827	0.326318	2
2760.000000	-88.472814	0.873685	2
2765.000000	-89.254327	-0.295500	2
2770.000000	-88.169343	-0.124046	2
2775.000000	-88.206586	0.487304	2
2780.000000	-87.522582	0.566742	2
2785.000000	-84.997107	0.408778	2
2790.000000	-90.236627	-1.575171	2
2795.000000	-86.712759	1.189998	2
2800.000000	-90.014595	0.241820	2
2805.000000	-88.414770	0.868052	2
2810.000000	-88.676175	0.313948	2
2815.000000	-88.297793	-0.556207	2
2820.000000	-88.352847	-0.546275	2
2825.000000	-86.864869	0.912937	2
2830.000000	-88.052863	-1.829153	2
2835.000000	-87.903529	-0.642084	2
2840.000000	-89.543232	-0.691208	2
2845.000000	-88.779223	0.513099	2
2850.000000	-88.533993	-1.135621	2
2855.000000	-88.729023	-0.638720	2
2860.000000	-87.702059	-0.100663	2
2865.000000	-88.507281	0.262468	2
2870.000000	-88.499446	-0.361239	2
2875.000000	-88.866945	-1.395462	2
2880.000000	-86.910276	1.189658	2
2885.000000	-89.413279	-0.486426	2
2890.000000	-88.397480	0.163665	2
2895.000000	-87.780431	0.714093	2
2900.000000	-89.310299	-0.274696	2
2905.000000	-84.916921	1.302976	2
2910.000000	-79.928688	1.855146	2
2915.000000	-78.638755	0.810857	2
2920.000000	-77.593173	2.123116	2
2925.000000	-79.067723	-0.543607	2
2930.000000	-79.637266	-0.905373	2
2935.000000	-78.593193	-0.769284	2
2940.000000	-78.847861	0.113686	2
2945.000000	-78.973210	-1.745983	2
2950.000000	-84.807198	-1.058779	2
2955.000000	-82.314607	-1.018217	2
2960.000000	-85.985480	-1.228590	2
2965.000000	-87.135847	1.008959	2
2970.000000	-87.798060	0.230690	2
2975.000000	-88.456445	0.584551	2
2980.000000	-87.837741	0.245741	2
2985.000000	-89.309779	-0.248334	2
2990.000000	-88.560038	-0.355637	2
2995.000000	-88.827817	0.461228	2
3000.000000	-88.030001	0.105185	2
3005.000000	-88.810338	1.285158	2
3010.000000	-89.951280	-0.492509	2
3015.000000	-87.860561	0.011595	2
3020.000000	-86.875300	1.442185	2
3025.000000	-83.690458	-0.741882	2
3030.000000	-83.829221	-0.242844	2
3035.000000	-84.858931	-0.069183	2
3040.000000	-83.346569	-0.925632	2
3045.000000	-88.613104	0.440598	1
3050.000000	-87.915520	0.536607	1
3055.000000	-88.182550	0.987968	1
3060.000000	-88.361872	0.650219	1
3065.000000	-88.598562	0.629711	1
3070.000000	-88.471979	0.339546	2
3075.000000	-85.819479	0.287296	2
3080.000000	-87.746576	0.562283	2
3085.000000	-84.786880	-0.599162	2
3090.000000	-87.434755	-2.196444	2
3095.000000	-93.893803	-2.065180	2
3100.000000	-95.370978	-1.315964	2
3105.000000	-99.717730	-1.349567	2
3110.000000	-97.637467	-0.459595	2
3115.000000	-98.729488	0.103207	2
3120.000000	-98.372989	0.941407	2
3125.000000	-98.113565	0.876907	2
3130.000000	-97.080600	0.621593	2
3135.000000	-99.540361	2.754497	2
3140.000000	-97.264104	0.619046	2
3145.000000	-96.369141	-1.271583	2
3150.000000	-96.736230	0.607971	2
3155.000000	-93.580987	-1.477874	2
3160.000000	-98.242718	0.021162	2
3165.000000	-99.360128	-0.517329	2
3170.000000	-97.252030	0.922797	2
3175.000000	-94.964943	0.185495	2
3180.000000	-94.516119	0.138051	2
3185.000000	-95.202854	0.878383	2
3190.000000	-96.914967	0.222923	2
3195.000000	-97.997208	1.366945	2
3200.000000	-95.689918	-0.207149	2
3205.000000	-99.324500	-1.645438	2
3210.000000	-97.569914	0.904986	2
3215.000000	-100.404220	0.758229	2
3220.000000	-95.589473	1.093790	2
3225.000000	-95.915157	-0.322555	2
3230.000000	-98.863935	-0.044967	2
3235.000000	-96.233569	-1.267947	2
3240.000000	-97.472657	-0.910681	2
3245.000000	-99.450530	1.377949	2
3250.000000	-98.646589	-0.699169	2
3255.000000	-97.848986	-0.600362	2
3260.000000	-97.067285	-0.225114	2
3265.000000	-98.918760	-1.314169	2
3270.000000	-98.332025	2.487962	2
3275.000000	-99.459037	0.218560	2
3280.000000	-94.904330	0.593735	2
3285.000000	-94.820987	0.868289	2
3290.000000	-90.673331	0.928228	2
3295.000000	-89.267824	0.331339	2
3300.000000	-89.331178	-0.012132	2
3305.000000	-89.149338	1.164098	2
3310.000000	-88.680707	-0.146226	2
3315.000000	-87.274142	-0.483266	2
3320.000000	-88.240479	-0.774109	2
3325.000000	-88.766337	-0.961589	2
3330.000000	-88.699192	0.577777	2
3335.000000	-88.729786	0.855433	2
3340.000000	-87.773779	1.812514	2
3345.000000	-87.914124	-0.218429	2
3350.000000	-89.165704	-0.005843	2
3355.000000	-89.161884	2.730695	2
3360.000000	-88.354785	-0.651481	2
3365.000000	-90.871121	-0.256339	2
3370.000000	-92.427087	-1.276683	2
3375.000000	-92.078933	0.800019	2
3380.000000	-86.819216	-0.816309	2
3385.000000	-87.606826	-0.664771	2
3390.000000	-86.960894	-0.322739	2
3395.000000	-87.808473	-1.638910	2
3400.000000	-88.004210	0.514736	2
3405.000000	-88.774896	-2.131559	1
3410.000000	-88.710642	0.218552	1
3415.000000	-88.201269	-1.446876	1
3420.000000	-88.130499	0.047076	1
3425.000000	-88.526662	0.767583	1
3430.000000	-88.264133	-0.546187	1
3435.000000	-88.324026	0.561065	1
3440.000000	-88.221183	-1.273378	1
3445.000000	-88.444471	-0.370675	1
3450.000000	-88.117291	-0.499629	1
3455.000000	-88.726744	-0.398875	1
3460.000000	-88.400640	1.612706	1
3465.000000	-88.583147	-1.359664	1
3470.000000	-87.810446	-0.266668	1
3475.000000	-88.384892	-1.444745	1
3480.000000	-88.188378	1.202764	1
3485.000000	-88.287056	-0.145266	1
3490.000000	-87.909490	-0.985018	1
3495.000000	-88.029798	-0.088508	1
3500.000000	-87.775970	-0.037334	2
3505.000000	-89.017313	-0.347956	2
3510.000000	-85.571335	2.615337	2
3515.000000	-84.157016	1.408069	2
3520.000000	-80.041514	-0.216562	2
3525.000000	-79.926304	0.846127	2
3530.000000	-78.878891	-0.844961	2
3535.000000	-78.797626	-0.974931	2
3540.000000	-77.718200	-0.528426	2
3545.000000	-77.180643	-0.377208	2
3550.000000	-79.002923	0.894430	2
3555.000000	-78.065124	0.769919	2
3560.000000	-75.961362	0.173884	2
3565.000000	-78.005253	-0.382367	2
3570.000000	-79.302734	2.005686	2
3575.000000	-76.875335	0.322460	2
3580.000000	-77.647039	0.086982	2
3585.000000	-79.231779	1.565227	2
3590.000000	-77.382343	-0.775604	2
3595.000000	-78.158190	-0.201157	2
3600.000000	-77.278943	0.860691	2
3605.000000	-81.058957	-1.247920	2
3610.000000	-83.460803	-0.993138	2
3615.000000	-82.134367	0.725328	2
3620.000000	-82.718987	0.911074	2
3625.000000	-85.325071	-0.234857	2
3630.000000	-83.905778	-1.840650	2
3635.000000	-89.748139	-0.921097	2
3640.000000	-87.105258	0.864947	2
3645.000000	-80.978977	1.292296	2
3650.000000	-77.214231	0.494436	2
3655.000000	-79.312749	-0.407252	2
3660.000000	-78.025186	-0.166558	2
3665.000000	-77.723048	-0.241456	2
3670.000000	-77.683783	-2.035563	2
3675.000000	-79.731822	0.431504	2
3680.000000	-78.548237	1.230537	2
3685.000000	-76.323626	-0.920054	2
3690.000000	-79.488514	-0.674047	2
3695.000000	-78.706956	0.665092	2
3700.000000	-78.023132	-0.168791	2
3705.000000	-78.306553	1.034552	2
3710.000000	-79.924416	-0.502959	2
3715.000000	-78.835433	0.283976	2
3720.000000	-78.813134	-0.806590	2
3725.000000	-79.197680	0.081638	2
3730.000000	-78.285094	-0.132631	2
3735.000000	-77.603935	-0.911059	2
3740.000000	-79.245890	1.346851	2
3745.000000	-79.065523	-2.314412	2
3750.000000	-77.463258	0.644244	2
3755.000000	-77.653302	0.418746	2
3760.000000	-77.806634	-1.902969	2
3765.000000	-79.653520	-0.741579	2
3770.000000	-78.921791	0.674282	1
3775.000000	-78.641592	1.624939	1
3780.000000	-78.825797	-1.593196	1
3785.000000	-79.289313	0.219268	1
3790.000000	-78.484911	-0.119074	1
3795.000000	-78.329727	-0.356959	1
3800.000000	-78.326591	-0.360412	1
3805.000000	-78.061076	1.110207	1
3810.000000	-78.291439	-0.220359	1
3815.000000	-78.039107	2.135556	1
3820.000000	-78.680400	-1.013120	1
3825.000000	-78.304077	0.016734	1
3830.000000	-78.149623	-1.305550	1
3835.000000	-78.572565	0.087256	1
3840.000000	-78.064731	0.492959	1
3845.000000	-77.997884	-1.265509	1
3850.000000	-78.775836	-1.089554	1
3855.000000	-78.387054	-0.030994	1
3860.000000	-78.515039	0.823412	1
3865.000000	-78.734313	1.472648	1
3870.000000	-78.299988	-0.921485	1
3875.000000	-77.893821	0.964968	1
3880.000000	-78.867570	0.306457	1
3885.000000	-78.378300	2.195302	1
3890.000000	-78.153646	-1.328274	1
3895.000000	-78.163040	1.081466	1
3900.000000	-77.859672	0.701288	1
3905.000000	-78.008982	-0.278547	1
3910.000000	-78.272145	-2.151186	1
3915.000000	-79.263289	-0.606782	1
3920.000000	-77.868170	-2.086416	1
3925.000000	-78.278942	-0.099574	1
3930.000000	-78.411732	-0.826728	2
3935.000000	-73.313773	0.417038	2
3940.000000	-78.372564	-1.824998	2
3945.000000	-77.858513	-0.092017	2
3950.000000	-78.627362	0.247511	2
3955.000000	-77.021484	1.194640	2
3960.000000	-74.540720	1.210580	2
3965.000000	-76.892675	-2.732917	2
3970.000000	-79.815070	0.526582	2
3975.000000	-79.746269	-1.474657	2
3980.000000	-79.669352	-0.483679	2
3985.000000	-79.158167	0.555060	2
3990.000000	-78.140323	-0.959677	2
3995.000000	-82.274124	-1.768084	2
4000.000000	-84.291668	-0.333061	2
4005.000000	-87.836546	-1.988588	2
4010.000000	-88.608106	-0.109201	2
4015.000000	-88.541218	1.158945	2
4020.000000	-89.664709	0.466788	2
4025.000000	-88.475338	0.023339	1
4030.000000	-88.236080	-1.133487	1
4035.000000	-87.758435	0.739059	2
4040.000000	-90.632218	1.523680	2
4045.000000	-86.766818	1.460266	2
4050.000000	-89.006991	0.730319	2
4055.000000	-87.665040	1.368779	2
4060.000000	-88.482033	-0.216455	2
4065.000000	-88.523629	-0.696515	1
4070.000000	-88.460987	-1.217868	1
4075.000000	-88.214655	0.523373	2
4080.000000	-87.506058	0.412327	2
4085.000000	-88.006969	0.260298	2
4090.000000	-88.046391	0.960738	2
4095.000000	-87.634664	-0.499852	2
4100.000000	-87.989554	0.122497	2
4105.000000	-87.059545	0.385050	1
4110.000000	-88.458846	-0.012533	1
4115.000000	-88.703676	-0.247361	1
4120.000000	-88.748206	0.794838	1
4125.000000	-88.236823	0.837360	1
4130.000000	-87.977595	1.737359	1
4135.000000	-88.575700	0.530056	1
4140.000000	-88.286010	0.321785	2
4145.000000	-85.650882	-0.362952	2
4150.000000	-82.473231	0.764267	2
4155.000000	-87.234545	-2.680825	2
4160.000000	-87.814556	2.461418	2
4165.000000	-83.697081	-1.493284	2
4170.000000	-87.294619	-3.905017	1
4175.000000	-88.846117	-0.280602	1
4180.000000	-87.981242	0.503816	1
4185.000000	-88.997866	-1.712210	1
4190.000000	-88.403047	1.108259	1
4195.000000	-87.761772	-0.463606	1
4200.000000	-88.992527	-1.256793	1
4205.000000	-87.993611	0.194680	1
4210.000000	-88.597311	0.687182	1
4215.000000	-87.886829	-1.465811	1
4220.000000	-88.965569	0.342539	1
4225.000000	-88.568124	-1.053279	1
4230.000000	-88.410682	-0.227746	2
4235.000000	-88.487163	-0.527498	2
4240.000000	-89.184977	1.568373	2
4245.000000	-87.627200	-0.184109	2
4250.000000	-87.755420	0.141004	2
4255.000000	-89.379753	-0.649993	2
4260.000000	-88.108626	-0.312785	2
4265.000000	-88.761510	-0.310118	2
4270.000000	-88.110668	-0.332503	2
4275.000000	-88.994161	-0.942284	2
4280.000000	-87.613104	0.307753	2
4285.000000	-87.945242	1.191468	2
4290.000000	-84.653958	-0.800728	2
4295.000000	-82.990750	1.637627	2
4300.000000	-78.020951	-2.311690	1
4305.000000	-77.961065	0.335685	1
4310.000000	-77.862689	-1.545752	1
4315.000000	-78.888441	-1.405915	1
4320.000000	-78.076498	0.670211	1
4325.000000	-79.143344	0.891117	1
4330.000000	-78.188865	0.557745	1
4335.000000	-78.311943	-0.324329	1
4340.000000	-78.015256	0.225019	1
4345.000000	-78.449785	0.120615	1
4350.000000	-78.291804	0.021317	1
4355.000000	-78.389623	-0.123869	2
4360.000000	-77.990246	0.484008	2
4365.000000	-79.219756	-0.142043	2
4370.000000	-78.797099	-0.563941	2
4375.000000	-79.991748	0.437312	2
4380.000000	-80.076568	-0.644509	2
4385.000000	-77.530535	-0.387739	2
4390.000000	-80.871048	1.205494	2
4395.000000	-77.634039	-0.651661	2
4400.000000	-78.564367	0.831066	2
4405.000000	-78.209732	-2.179375	2
4410.000000	-78.228649	-2.016533	2
4415.000000	-78.713577	2.257289	2
4420.000000	-80.631661	-1.454220	2
4425.000000	-85.832857	-1.140563	2
4430.000000	-87.625025	-0.595731	2
4435.000000	-88.593594	-0.396005	2
4440.000000	-88.353147	0.586017	2
4445.000000	-89.431519	-0.136865	2
4450.000000	-89.719231	-1.298529	2
4455.000000	-87.157181	-0.002559	2
4460.000000	-88.473848	0.406626	2
4465.000000	-87.642774	-0.266571	2
4470.000000	-87.090184	-0.047642	2
4475.000000	-87.863855	-0.130042	2
4480.000000	-89.828040	-0.054224	2
4485.000000	-93.885528	-1.574955	2
4490.000000	-94.344350	-1.514284	2
4495.000000	-98.765621	-0.536031	2
4500.000000	-97.044468	-0.685068	2
4505.000000	-99.111783	-1.796825	2
4510.000000	-99.128436	-0.173087	2
4515.000000	-97.624549	0.689527	2
4520.000000	-94.649706	-1.399898	2
4525.000000	-100.947796	0.313415	2
4530.000000	-97.332212	-0.260768	2
4535.000000	-96.733978	-0.923570	2
4540.000000	-98.414676	-1.361388	2
4545.000000	-96.786547	-0.739423	2
4550.000000	-100.633371	0.366391	2
4555.000000	-96.529834	1.399892	2
4560.000000	-90.554037	1.625049	2
4565.000000	-87.828450	-0.432941	2
4570.000000	-87.025721	0.476406	2
4575.000000	-83.747108	-0.095153	2
4580.000000	-84.616757	0.458618	2
4585.000000	-85.160556	-1.047066	2
4590.000000	-88.235260	-1.992955	1
4595.000000	-88.340751	-0.301445	1
4600.000000	-88.263793	1.362131	1
4605.000000	-88.023024	-0.321615	1
4610.000000	-88.764465	-0.804732	1
4615.000000	-88.001783	0.577447	1
4620.000000	-87.947643	-1.319226	1
4625.000000	-88.181069	0.867206	1
4630.000000	-88.283081	0.385475	1
4635.000000	-88.860867	0.261813	1
4640.000000	-88.388791	0.748962	1
4645.000000	-88.437093	-1.072128	1
4650.000000	-88.344106	1.290191	1
4655.000000	-88.361502	-1.479746	1
4660.000000	-88.490425	1.933549	1
4665.000000	-88.031089	-0.107371	1
4670.000000	-87.646079	0.690306	1
4675.000000	-87.878224	-1.603547	1
4680.000000	-88.844633	-0.232652	1
4685.000000	-88.050998	0.526841	1
4690.000000	-88.777717	1.447904	1
4695.000000	-88.717896	-3.073256	1
4700.000000	-88.438855	1.686400	1
4705.000000	-88.393758	1.090300	1
4710.000001	-88.885753	0.346376	1
4715.000001	-88.447781	-0.081662	1
4720.000001	-88.426116	-2.100615	1
4725.000001	-87.881698	-1.197939	1
4730.000001	-88.733564	0.793926	1
4735.000001	-88.805174	-1.697871	1
4740.000001	-88.349551	-0.812985	1
4745.000001	-88.586048	-0.222564	1
4750.000001	-88.307940	1.165655	1
4755.000001	-88.415585	1.019535	1
4760.000001	-88.339504	-0.268004	1
4765.000001	-88.220503	0.498964	1
4770.000001	-88.233756	0.022413	1
4775.000001	-88.462108	-0.588745	1
4780.000001	-88.449729	0.511991	1
4785.000001	-88.489783	-0.582139	1
4790.000001	-88.375339	0.664245	1
4795.000001	-88.511688	0.922292	1
4800.000001	-88.468622	-0.783105	1
4805.000001	-88.641952	2.452377	1
4810.000001	-88.330135	-0.237052	1
4815.000001	-88.465332	-1.824717	1
4820.000001	-88.325609	-0.091295	1
4825.000001	-88.136035	1.013232	1
4830.000001	-88.148219	1.380900	1
4835.000001	-88.451688	1.393064	1
4840.000001	-87.865328	-0.028372	1
4845.000001	-88.075925	-0.042036	1
4850.000001	-88.753801	1.045802	1
4855.000001	-88.045025	0.315132	1
4860.000001	-88.338789	0.382456	1
4865.000001	-88.343779	1.073830	2
4870.000001	-88.836279	-2.283039	2
4875.000001	-95.023554	-1.483206	2
4880.000001	-92.074696	2.900664	2
4885.000001	-87.096879	2.347430	2
4890.000001	-85.011451	-0.536973	2
4895.000001	-89.245334	0.737648	2
4900.000001	-88.033639	1.969025	2
4905.000001	-84.764608	0.843575	2
4910.000001	-86.255443	-0.981685	2
4915.000001	-88.896293	0.602410	2
4920.000001	-89.153424	-0.732955	2
4925.000001	-89.472967	-0.603434	2
4930.000001	-88.785278	-2.366955	1
4935.000001	-88.308008	-0.221230	1
4940.000001	-88.817612	-0.052281	1
4945.000001	-87.864421	-0.554084	1
4950.000001	-88.521445	0.187881	1
4955.000001	-87.941477	0.284278	1
4960.000001	-88.307454	-0.843892	1
4965.000001	-88.244940	0.610112	1
4970.000001	-88.148411	0.361332	1
4975.000001	-88.354839	-0.038168	1
4980.000001	-88.457158	-2.014389	1
4985.000001	-88.742375	-0.059980	1
4990.000001	-88.274575	0.122360	1
4995.000001	-88.412892	-0.785592	1
5000.000001	-88.825364	-0.075137	1
